=============== # Round 1 =============== 
 Initial awareness structure:
    [50, 50, 50]
    [[], [50, 50, 50], []]
    [[], [], [50, 50, 50]]

    [[60, 60, 60], [60, 60, 60], [60, 60, 60]]
    [60, 60, 60]
    [[60, 60, 60], [60, 60, 60], [60, 60, 60]]

    [[70, 70, 70], [70, 70, 70], [70, 70, 70]]
    [[70, 70, 70], [70, 70, 70], [70, 70, 70]]
    [70, 70, 70]

 Awareness structures after intelligence/counterintelligence actions and calculation:
    [11, 11, 29]
    [[], [19, 11, 19], []]
    [[], [], [50, 50, 29]]

    [[19, 34, 34], [60, 34, 60], [60, 60, 34]]
    [19, 11, 19]
    [[34, 60, 60], [60, 34, 60], [34, 34, 19]]

    [[23, 40, 40], [70, 40, 70], [70, 70, 40]]
    [[40, 70, 70], [40, 23, 40], [70, 70, 40]]
    [23, 23, 13]

 Outputs of each agent:
 [11, 11, 13]
 Overall round result:
 7.7817
 Winner(s):
 [0, 1]

