=============== # Round 1 =============== 
 Initial awareness structure:
    [50, 50, 50]
    [[50, 50, 50], [50, 50, 50], [50, 50, 50]]
    [[50, 50, 50], [50, 50, 50], [50, 50, 50]]

    [[50, 50, 50], [50, 50, 50], [50, 50, 50]]
    [50, 50, 50]
    [[50, 50, 50], [50, 50, 50], [50, 50, 50]]

    [[50, 50, 50], [50, 50, 50], [50, 50, 50]]
    [[50, 50, 50], [50, 50, 50], [50, 50, 50]]
    [50, 50, 50]

 Awareness structures after intelligence/counterintelligence actions and calculation:
    [9, 16, 17]
    [[27, 43, 50], [27, 16, 29], [50, 50, 29]]
    [[29, 50, 50], [50, 29, 50], [29, 29, 17]]

    [[17, 29, 29], [50, 29, 50], [50, 50, 29]]
    [17, 10, 17]
    [[29, 50, 50], [50, 29, 50], [29, 29, 17]]

    [[17, 29, 29], [50, 29, 50], [50, 50, 29]]
    [[29, 50, 50], [29, 17, 29], [50, 50, 29]]
    [17, 17, 10]

 Outputs of each agent:
 [9, 10, 10]
 Overall round result:
 6.4477
 Winner(s):
 [0]

